iterasi =

  Columns 1 through 9

    0.2270    0.2342    0.2382    0.2397    0.2402    0.2404    0.2405    0.2405    0.2405

  Columns 10 through 18

    0.2405    0.2405    0.2405    0.2405    0.2405    0.2405    0.2405    0.2405    0.2406

  Columns 19 through 27

    0.2406    0.2406    0.2406    0.2406    0.2406    0.2406    0.2406    0.2406    0.2406

  Columns 28 through 36

    0.2406    0.2406    0.2406    0.2406    0.2406    0.2406    0.2406    0.2406    0.2405

  Columns 37 through 45

    0.2405    0.2405    0.2405    0.2405    0.2405    0.2405    0.2404    0.2404    0.2404

  Columns 46 through 54

    0.2404    0.2403    0.2403    0.2403    0.2402    0.2402    0.2401    0.2400    0.2400

  Columns 55 through 63

    0.2399    0.2398    0.2397    0.2396    0.2395    0.2393    0.2392    0.2391    0.2389

  Columns 64 through 72

    0.2387    0.2385    0.2383    0.2381    0.2378    0.2375    0.2372    0.2369    0.2366

  Columns 73 through 81

    0.2362    0.2358    0.2353    0.2348    0.2343    0.2338    0.2332    0.2325    0.2318

  Columns 82 through 90

    0.2310    0.2302    0.2294    0.2284    0.2274    0.2264    0.2252    0.2240    0.2227

  Columns 91 through 99

    0.2214    0.2199    0.2184    0.2168    0.2150    0.2132    0.2114    0.2094    0.2073

  Columns 100 through 108

    0.2052    0.2029    0.2006    0.1982    0.1958    0.1932    0.1906    0.1879    0.1852

  Columns 109 through 117

    0.1824    0.1796    0.1768    0.1739    0.1710    0.1681    0.1652    0.1623    0.1594

  Columns 118 through 126

    0.1566    0.1537    0.1509    0.1482    0.1455    0.1428    0.1402    0.1376    0.1351

  Columns 127 through 135

    0.1326    0.1302    0.1279    0.1256    0.1234    0.1213    0.1192    0.1172    0.1152

  Columns 136 through 144

    0.1133    0.1115    0.1097    0.1080    0.1063    0.1047    0.1031    0.1015    0.1001

  Columns 145 through 153

    0.0986    0.0972    0.0959    0.0946    0.0933    0.0921    0.0909    0.0897    0.0886

  Columns 154 through 162

    0.0875    0.0864    0.0854    0.0844    0.0834    0.0824    0.0815    0.0806    0.0797

  Columns 163 through 171

    0.0789    0.0780    0.0772    0.0764    0.0756    0.0748    0.0741    0.0734    0.0726

  Columns 172 through 180

    0.0719    0.0713    0.0706    0.0699    0.0693    0.0687    0.0681    0.0674    0.0669

  Columns 181 through 189

    0.0663    0.0657    0.0651    0.0646    0.0640    0.0635    0.0630    0.0625    0.0620

  Columns 190 through 198

    0.0615    0.0610    0.0605    0.0600    0.0596    0.0591    0.0587    0.0582    0.0578

  Columns 199 through 207

    0.0574    0.0570    0.0565    0.0561    0.0557    0.0553    0.0549    0.0546    0.0542

  Columns 208 through 216

    0.0538    0.0534    0.0531    0.0527    0.0524    0.0520    0.0517    0.0513    0.0510

  Columns 217 through 225

    0.0507    0.0504    0.0500    0.0497    0.0494    0.0491    0.0488    0.0485    0.0482

  Columns 226 through 234

    0.0479    0.0476    0.0474    0.0471    0.0468    0.0465    0.0463    0.0460    0.0458

  Columns 235 through 243

    0.0455    0.0453    0.0450    0.0448    0.0445    0.0443    0.0440    0.0438    0.0436

  Columns 244 through 252

    0.0434    0.0431    0.0429    0.0427    0.0425    0.0423    0.0421    0.0419    0.0417

  Columns 253 through 261

    0.0415    0.0413    0.0411    0.0409    0.0407    0.0405    0.0403    0.0401    0.0400

  Columns 262 through 270

    0.0398    0.0396    0.0394    0.0393    0.0391    0.0389    0.0388    0.0386    0.0384

  Columns 271 through 279

    0.0383    0.0381    0.0380    0.0378    0.0377    0.0375    0.0374    0.0372    0.0371

  Columns 280 through 288

    0.0370    0.0368    0.0367    0.0366    0.0364    0.0363    0.0362    0.0360    0.0359

  Columns 289 through 297

    0.0358    0.0357    0.0355    0.0354    0.0353    0.0352    0.0351    0.0350    0.0349

  Columns 298 through 306

    0.0347    0.0346    0.0345    0.0344    0.0343    0.0342    0.0341    0.0340    0.0339

  Columns 307 through 315

    0.0338    0.0337    0.0336    0.0335    0.0334    0.0333    0.0333    0.0332    0.0331

  Columns 316 through 324

    0.0330    0.0329    0.0328    0.0327    0.0326    0.0326    0.0325    0.0324    0.0323

  Columns 325 through 333

    0.0322    0.0322    0.0321    0.0320    0.0319    0.0319    0.0318    0.0317    0.0316

  Columns 334 through 342

    0.0316    0.0315    0.0314    0.0314    0.0313    0.0312    0.0312    0.0311    0.0310

  Columns 343 through 351

    0.0310    0.0309    0.0309    0.0308    0.0307    0.0307    0.0306    0.0306    0.0305

  Columns 352 through 360

    0.0304    0.0304    0.0303    0.0303    0.0302    0.0302    0.0301    0.0301    0.0300

  Columns 361 through 369

    0.0300    0.0299    0.0298    0.0298    0.0297    0.0297    0.0297    0.0296    0.0296

  Columns 370 through 378

    0.0295    0.0295    0.0294    0.0294    0.0293    0.0293    0.0292    0.0292    0.0292

  Columns 379 through 387

    0.0291    0.0291    0.0290    0.0290    0.0289    0.0289    0.0289    0.0288    0.0288

  Columns 388 through 396

    0.0287    0.0287    0.0287    0.0286    0.0286    0.0286    0.0285    0.0285    0.0285

  Columns 397 through 405

    0.0284    0.0284    0.0283    0.0283    0.0283    0.0282    0.0282    0.0282    0.0281

  Columns 406 through 414

    0.0281    0.0281    0.0281    0.0280    0.0280    0.0280    0.0279    0.0279    0.0279

  Columns 415 through 423

    0.0278    0.0278    0.0278    0.0278    0.0277    0.0277    0.0277    0.0276    0.0276

  Columns 424 through 432

    0.0276    0.0276    0.0275    0.0275    0.0275    0.0275    0.0274    0.0274    0.0274

  Columns 433 through 441

    0.0274    0.0273    0.0273    0.0273    0.0273    0.0272    0.0272    0.0272    0.0272

  Columns 442 through 450

    0.0271    0.0271    0.0271    0.0271    0.0271    0.0270    0.0270    0.0270    0.0270

  Columns 451 through 459

    0.0269    0.0269    0.0269    0.0269    0.0269    0.0268    0.0268    0.0268    0.0268

  Columns 460 through 468

    0.0268    0.0267    0.0267    0.0267    0.0267    0.0267    0.0267    0.0266    0.0266

  Columns 469 through 477

    0.0266    0.0266    0.0266    0.0265    0.0265    0.0265    0.0265    0.0265    0.0265

  Columns 478 through 486

    0.0264    0.0264    0.0264    0.0264    0.0264    0.0264    0.0263    0.0263    0.0263

  Columns 487 through 495

    0.0263    0.0263    0.0263    0.0262    0.0262    0.0262    0.0262    0.0262    0.0262

  Columns 496 through 504

    0.0262    0.0261    0.0261    0.0261    0.0261    0.0261    0.0261    0.0261    0.0260

  Columns 505 through 513

    0.0260    0.0260    0.0260    0.0260    0.0260    0.0260    0.0260    0.0259    0.0259

  Columns 514 through 522

    0.0259    0.0259    0.0259    0.0259    0.0259    0.0259    0.0258    0.0258    0.0258

  Columns 523 through 531

    0.0258    0.0258    0.0258    0.0258    0.0258    0.0258    0.0257    0.0257    0.0257

  Columns 532 through 540

    0.0257    0.0257    0.0257    0.0257    0.0257    0.0257    0.0256    0.0256    0.0256

  Columns 541 through 549

    0.0256    0.0256    0.0256    0.0256    0.0256    0.0256    0.0256    0.0255    0.0255

  Columns 550 through 558

    0.0255    0.0255    0.0255    0.0255    0.0255    0.0255    0.0255    0.0255    0.0254

  Columns 559 through 567

    0.0254    0.0254    0.0254    0.0254    0.0254    0.0254    0.0254    0.0254    0.0254

  Columns 568 through 576

    0.0254    0.0253    0.0253    0.0253    0.0253    0.0253    0.0253    0.0253    0.0253

  Columns 577 through 585

    0.0253    0.0253    0.0253    0.0253    0.0253    0.0252    0.0252    0.0252    0.0252

  Columns 586 through 594

    0.0252    0.0252    0.0252    0.0252    0.0252    0.0252    0.0252    0.0252    0.0252

  Columns 595 through 603

    0.0251    0.0251    0.0251    0.0251    0.0251    0.0251    0.0251    0.0251    0.0251

